foodLabel	Sweet_Mean	STD	Salty_Mean	STD	Sour_Mean	STD	Bitter_Mean	STD	Umami_Mean	STD	Fat_Mean	STD
dried almond	0.5	-	0.7	-	0	-	0	-	0	-	0.7	-
canned anchovies	0.3	0.3	5.3	0.1	0.9	0.5	1.25	0.65	1.4	0.9	2.6	1.5
fried anchovies	0.05	0.05	2.7	0.1	0.05	0.05	0.8	0.3	0.45	0.25	3.7	0.1
andouille sausage	1	-	2.9	-	0.5	-	0.7	-	1.1	-	2.6	-
andouillette sausage	1.03	0.2	4.04	0.35	0.47	0.1	0.73	0.25	2.04	0.61	4.21	0.78
kir	2.99	0.36	0.02	0.02	2	0.51	0.94	0.27	0.26	0.1	0.13	0.09
martini with lemon juice	5.1	-	0	-	3.7	-	0	-	0	-	0	-
martini	1.95	0.95	0.2	0	0.35	0.35	3.4	2.6	0.1	0.1	0.45	0.45
aperitif with anise	1.7	-	0	-	0.8	-	0.8	-	0	-	0.6	-
cooked apple	3.53	0.39	0	0	2.4	0.97	0.47	0.47	0.13	0.13	1.2	0.15
apple	2.77	0.12	0.02	0.01	1.99	0.17	0.38	0.06	0.08	0.03	0.2	0.05
apple juice	3.22	0.74	0	0	1.92	0.24	0.14	0.14	0	0	0.16	0.16
stewed apple	3.04	0.16	0.06	0.02	2.03	0.2	0.57	0.12	0.09	0.03	0.36	0.08
apple turnover	2.4	0.15	0.68	0.38	1.18	0.17	0.62	0.11	0.58	0.22	1.18	0.25
dried apricot	4.4	-	0	-	2.2	-	0	-	0	-	0	-
apricot juice	3.17	0.65	0.2	0.1	3.5	1.08	0.9	0.47	0.77	0.38	0.9	0.1
stewed apricots	2.5	-	0.1	-	2.2	-	0.7	-	0.1	-	0.1	-
apricot	3.24	0.23	0.07	0.03	2.17	0.22	0.48	0.15	0.06	0.02	0.27	0.1
artichoke with vinaigrette	0.88	0.15	2.35	0.25	2.37	0.29	1.22	0.16	1.14	0.13	1.63	0.16
asparagus with mayonnaise	0.68	0.09	2.6	0.32	2.34	0.3	1.79	0.19	1.01	0.14	2.44	0.13
asparagus with vinaigrette	0.58	0.19	1.39	0.36	1.21	0.22	1.23	0.14	0.41	0.19	1.39	0.27
avocado with lemon juice	0.65	0.26	0.95	0.35	4.47	0.62	0.11	0.07	0.36	0.13	4.33	0.85
avocado with mayonnaise	0.59	0.12	2.06	0.27	1.08	0.23	0.7	0.15	0.63	0.11	3.48	0.26
avocado with tuna	2.7	-	3.3	-	1.7	-	1.1	-	1.8	-	7.3	-
Babybel cheese	0.1	0.1	2.74	0.52	0.86	0.34	0.94	0.49	0.6	0.37	2.6	0.56
stir-fried bacon	0.81	0.12	4.99	0.14	0.87	0.2	1.1	0.14	2.96	0.38	5.79	0.27
baked ham	0.34	0.14	3.16	0.3	1.03	0.26	0.56	0.26	1.39	0.22	1.9	0.21
dried banana	2.8	-	0	-	0.6	-	1.9	-	0	-	0.6	-
banana	2.88	0.16	0.03	0.01	0.97	0.14	0.56	0.08	0.2	0.06	1.96	0.15
bass with lemon juice	0.4	0.1	0.5	0.2	0.8	0	0.15	0.05	0.2	0	0.75	0.15
bavarois fruit cake	4.33	0.53	0.24	0.14	1.46	0.19	0.28	0.1	0.14	0.12	2.66	0.62
beef with gravy	0.52	0.11	2.73	0.18	1.12	0.13	0.74	0.09	1.55	0.23	2.7	0.22
roast beef 	0.55	0.07	2.75	0.15	1.26	0.15	0.49	0.06	1.29	0.1	1.95	0.13
beef bourguignon	0.58	0.14	3.17	0.29	1.17	0.15	0.67	0.2	1.6	0.35	2.88	0.46
alcohol-free beer 	0.3	-	0.1	-	1.5	-	6	-	0.1	-	0.1	-
beetroot with vinaigrette	1.6	0.21	1.55	0.31	2.21	0.42	0.78	0.21	0.55	0.16	1.37	0.17
cooked bell pepper 	1.15	0.18	2.4	0.78	1.23	0.22	1.65	0.67	0.85	0.43	2.08	0.37
marinated bell pepper 	0.85	0.15	1.45	0.05	2.85	0.05	0.6	0.5	0.3	0.3	2.45	0.25
black blood pudding	1.01	0.16	3.01	0.14	0.94	0.2	0.84	0.19	1.95	0.31	4.14	0.55
blackberries with sugar and cream	1.83	0.32	0	0	2.47	0.27	1.87	0.33	1.57	0.17	1	0.1
blackberry jam	5.63	0.77	0.23	0.12	1.97	0.52	0.77	0.03	0.4	0.4	1.43	0.44
blackcurrant 	1.1	0.4	0.2	0.1	2.95	0.85	1.5	0.7	0.5	0.4	0.2	0.1
Bleu d'Auvergne	0.11	0.08	3.33	0.29	2	0.26	1.99	0.14	1.15	0.24	4	0.11
Bleu d'Auvergne cheese with bread	0.8	0.12	4.4	0.06	1.83	0.38	3.7	0.51	0.73	0.37	5.37	0.46
Bleu de Bresse cheese	0.1	-	2.6	-	1.7	-	1.8	-	0.7	-	4.1	-
Bleu de Bresse cheese with bread	0.8	-	4	-	1.8	-	2.2	-	1.8	-	5.1	-
blueberry	1.7	-	0.1	-	1.8	-	0.7	-	0.1	-	0.1	-
blueberry jam	5.25	0.25	0.55	0.05	1.35	0.45	1.2	0.5	0	0	1.9	0.1
boar	0.45	0.45	2.8	0.8	1.15	0.45	0.6	0.3	2.1	0.5	2.85	0.85
bottled still water	0.17	0.06	0.47	0.22	0.39	0.11	0.7	0.16	0.07	0.03	0.07	0.03
boursin cheese	0.48	0.12	3.69	0.18	1.49	0.29	0.54	0.17	0.69	0.14	3.45	0.25
brandy	0.8	0.1	0.1	0.1	1	0	1.3	0.3	1.05	0.15	0.75	0.05
bread with bacon	0.68	0.35	3.15	0.57	1.15	0.39	1	0.11	1.3	0.25	2.63	1
breaded cod	0	-	3.6	-	0	-	0	-	4.4	-	3.9	-
breaded cod with ketchup	2.6	0.6	2.3	0.5	0	0	0	0	0.45	0.05	3.85	0.25
breaded cod with lemon juice	1.05	0.06	3.38	0.51	1.73	0.43	0	0	1.63	0.31	3.45	0.35
breakfast cereals with chocolate and milk	4.3	-	1.5	-	1.9	-	0.2	-	0	-	4	-
breakfast cereals with fruits	3.4	0.78	0.43	0.3	1.12	0.24	1.15	0.21	0	0	1.55	0.22
breakfast cereals with milk	2.97	0.46	0.19	0.12	0	0	0	0	0.13	0.08	1.77	0.2
brie cheese	0.28	0.11	2.94	0.28	0.8	0.24	1.62	0.31	0.84	0.13	4.03	0.43
brillat-savarin cheese	0.55	0.15	3.1	0.7	0.85	0.15	1.4	0.6	0.95	0.15	5.45	0.05
brioche 	2.4	0.15	0.98	0.14	0.3	0.09	0.25	0.07	0.16	0.05	1.45	0.23
broccoli 	0.3	-	0.8	-	0.7	-	0.9	-	0.3	-	0.3	-
broccoli purée	1.4	-	1.1	-	0	-	0.8	-	1.4	-	1	-
broccoli with cream	1.66	0.2	3.1	0.58	0.1	0.1	0.24	0.24	0.08	0.08	1.14	0.09
brown rice	0.49	0.22	2.14	0.21	0.24	0.13	0.12	0.09	0.69	0.22	1.24	0.27
brussels sprouts	0.98	0.32	2.88	0.27	1.68	0.21	1.7	0.49	1.33	0.23	1.93	0.14
bulgur	1.04	0.04	3.45	0.12	1.84	0.16	0.85	0.25	1.6	0.09	2.61	0.17
bun	2.25	0.03	0.68	0.38	0.25	0.25	0.05	0.05	0	0	0.98	0.4
bun with butter	1.6	-	1.2	-	0	-	0	-	0	-	4.3	-
bun with chocolate	3.2	-	0.5	-	1.6	-	2.9	-	0	-	1.1	-
bun with jam	4.5	-	1.4	-	1.1	-	1.1	-	1.1	-	2.1	-
bun with bitter orange marmelade	2.7	-	0	-	0	-	3.1	-	0	-	3.2	-
burbot	0.4	0.4	2.35	0.65	1.2	0.2	0.85	0.25	1.5	0.4	2.15	0.35
calf with gravy	0.91	0.19	3.28	0.35	1.15	0.24	0.5	0.16	1.41	0.22	2.79	0.39
roast calf	0.59	0.09	2.74	0.27	0.89	0.12	0.54	0.11	1.45	0.22	2.24	0.21
grilled calf livers	0.57	0.16	2.51	0.22	1.1	0.15	1.18	0.2	1.63	0.16	1.86	0.2
calf head with vinaigrette	0	0	2.35	0.15	1.6	0.6	0.8	0.2	1.6	0.4	1.9	0.9
camembert cheese	0.22	0.05	3.25	0.09	0.69	0.13	1.81	0.12	0.62	0.11	4.39	0.1
camembert cheese with bread	0.8	0.09	3.65	0.2	1.81	0.21	2.09	0.14	1.06	0.05	4.22	0.16
cancoillotte cheese	0.17	0.06	3.01	0.13	0.84	0.17	0.66	0.11	0.8	0.11	3.22	0.27
candied almond	2.93	0.12	0.2	0.1	2.03	0.19	3.53	0.22	0	0	0.67	0.07
liquorice candy	3.23	0.73	0.67	0.38	0.9	0.35	1.07	0.12	0.33	0.33	0.73	0.2
cantal cheese	0.2	0.2	3.7	0.4	2	0.2	1.45	1.15	1.35	0.65	3.8	1
caramel custard	4.16	0.53	0.16	0.14	1.1	0.39	0.78	0.26	0.46	0.26	2.62	0.47
cooked carrot	1.8	0.16	2.1	0.25	1.07	0.1	0.57	0.1	0.63	0.11	1.4	0.2
carrot juice	2.4	-	0.5	-	1	-	0.8	-	0	-	0.2	-
carrot	2.4	0	0.7	0	0.35	0.35	1.25	0.05	0	0	0	0
Carré frais	0.13	0.09	3.08	0.29	1.1	0.38	0.05	0.05	0.28	0.24	3.23	0.45
Carré frais with bread	0.28	0.09	1.22	0.18	1.48	0.15	0.76	0.15	0	0	2.88	0.28
raw carrot with lemon juice	1.48	0.12	2.49	0.2	1.97	0.16	0.36	0.09	0.57	0.1	1.73	0.12
carrot puree with cream	2.8	0.2	3.15	0.35	0.9	0.3	0.75	0.45	1.1	0.1	2.3	0.5
dry salted cashew nut	1.45	0.35	1.85	0.75	0.2	0.1	0.6	0.3	0.15	0.05	1.15	0.05
cassoulet	1.37	0.33	2.27	0.44	1.17	0.12	0.8	0.31	1.6	0.64	3	0.12
cauliflower 	0.9	0.26	0.68	0.4	0.88	0.3	1.15	0.23	0.28	0.14	0.55	0.15
cauliflower with sauce	0.53	0.1	2.45	0.15	1.17	0.13	0.92	0.09	1.14	0.12	1.69	0.23
celeriac purée	0.75	0.09	2.58	0.8	0.75	0.32	0.75	0.38	0.35	0.26	2	0.42
celeriac remoulade	0.93	0.2	2.2	0.35	1.21	0.19	0.98	0.21	0.42	0.1	1.5	0.18
cervelas	0.5	0.21	2.88	0.29	1.24	0.15	0.51	0.13	1.53	0.24	2.24	0.3
champagne	1.01	0.18	0.12	0.03	1.42	0.22	0.26	0.1	0.13	0.07	0.1	0.04
champignons crus with vinaigrette	3.1	-	1.4	-	4.4	-	1.1	-	0.9	-	1.7	-
chaource cheese	0	-	3.9	-	0	-	1.8	-	1.9	-	5.2	-
friands au fromage	1.1	0.5	2.6	0.1	0.2	0	0.15	0.05	0.35	0.05	1.3	0.5
cherry	2.81	0.2	0.02	0.02	1.79	0.2	0.69	0.12	0.17	0.08	0.27	0.1
chestnut	1.78	0.33	0.3	0.15	0.5	0.21	0.4	0.17	0.73	0.22	2.48	0.41
chestnut purée	7.3	-	0	-	0	-	0	-	0	-	5.4	-
chicken cordon bleu	0.23	0.23	3.9	0.7	0.6	0.23	0.28	0.1	1.3	0.58	3.08	0.52
chicken cutlet	0.41	0.1	3.26	0.16	0.71	0.21	0.57	0.12	1.81	0.2	2.67	0.19
chicken with gravy	0.59	0.12	3.22	0.41	1.72	0.48	0.55	0.21	1.3	0.25	2.53	0.36
chicken roast	0.35	0.08	2.54	0.15	0.7	0.11	0.42	0.09	1.28	0.14	2.38	0.22
chili con carne	0.8	-	1.6	-	1.3	-	0	-	0.2	-	2.9	-
chinese fried rice	0.5	-	2.4	-	1.6	-	1.5	-	1.2	-	1.7	-
chipolata sausage	0.7	0.15	4.19	0.29	1.23	0.2	0.35	0.21	1.49	0.3	3.24	0.32
chocolate custard	3.75	0.17	0.18	0.07	0.58	0.11	1.25	0.21	0.25	0.1	3.15	0.36
chocolate bar	5.27	0.27	0.43	0.16	1.01	0.23	0.75	0.2	0.02	0.02	3.45	0.44
pain au chocolat	3.07	0.35	0.25	0.12	0.42	0.13	0.22	0.07	0.03	0.03	2.35	0.35
chocolate cake	3.91	0.25	0.39	0.1	0.55	0.1	0.84	0.13	0.21	0.08	2.6	0.23
chocolate cereal bar	2.95	0.05	1.15	0.25	0.45	0.05	1.8	0.1	0	0	0.85	0.15
chocolate chip cookie	2.85	0.52	0.85	0.27	0.43	0.15	0.63	0.22	0.3	0.3	0.98	0.11
chocolate croissant	3	-	0.3	-	1.6	-	1.1	-	0	-	3.9	-
chocolate with nut	5.47	0.73	0.27	0.18	0.2	0.12	0.87	0.34	0.27	0.15	5.27	0.37
chorizo	0.9	-	4	-	1.1	-	0.9	-	2.1	-	5	-
cider	1.99	0.37	0.1	0.05	1.88	0.24	0.8	0.26	0.06	0.03	0.04	0.02
clafoutis	3.96	0.34	0.13	0.1	1.71	0.23	0.37	0.23	0.36	0.24	1.81	0.36
clementine	2.99	0.21	0.04	0.01	3.23	0.33	0.47	0.1	0.17	0.05	0.26	0.07
cocktail with alcohol	3.66	0.5	0.17	0.17	1.79	0.71	0.04	0.04	0	0	0.39	0.25
coconut	3.3	-	0	-	1.4	-	0	-	0.3	-	1.2	-
steamed cod with mayonnaise	0.16	0.14	2.63	0.42	1.23	0.16	0.81	0.18	1.47	0.16	1.74	0.3
grilled cod with lemon juice	0.67	0.33	3.13	0.13	1.6	0.29	0.43	0.43	2.43	0.75	2.03	0.2
cod in aluminium wrapper with lemon juice	0.5	0.29	2.37	0.64	1.53	0.23	0.4	0.26	2.17	0.23	1.9	0.15
cod fritters 	1.7	0.38	2.9	0.2	0.07	0.07	0.1	0.1	2.17	0.61	2.2	0.12
coffee with sugar	2.52	0.2	0.02	0.02	1.28	0.33	3.16	0.38	0.06	0.04	0	0
coffee without sugar	0.08	0.02	0.05	0.01	1.17	0.11	2.17	0.1	0.48	0.06	0.23	0.04
coffee custard	3.1	0.1	0.15	0.15	1	0.3	1.1	0.2	0.85	0.65	2.1	0.5
cola soda	4.93	0.26	0.05	0.04	4.34	0.27	1.26	0.15	0.05	0.04	0.51	0.1
comté cheese	0.75	0.09	3.44	0.11	0.91	0.11	0.69	0.09	0.92	0.1	3.48	0.15
cooked ham	0.58	0.1	3.1	0.17	0.61	0.12	0.26	0.07	1.67	0.14	2.06	0.1
cooked ham with salted butter	1	-	4.4	-	1.4	-	0	-	1.6	-	3.4	-
cooked ham with gherkin	0.64	0.07	2.7	0.11	3.46	0.42	0.7	0.1	1.54	0.23	1.74	0.32
cooked ham leg	0.45	0.14	3.45	0.42	0.98	0.26	0.48	0.14	1.55	0.56	2.38	0.85
coulommiers cheese	0.05	0.03	3.57	0.1	0.45	0.16	1.99	0.16	0.66	0.14	4.37	0.08
country-style bread	1.18	0.14	1.91	0.11	0.66	0.14	0.41	0.12	0.37	0.1	0.45	0.1
country-style bread with butter and jam	2.6	-	0.1	-	1	-	1.6	-	0	-	0.9	-
country-style bread with butter	0.7	-	3.7	-	1.6	-	0.8	-	0.6	-	7.8	-
couscous	0.94	0.06	3.09	0.22	1.78	0.34	1.24	0.23	2.09	0.19	3.06	0.67
semi-skimmed cow's milk 	1.1	0.6	0.7	0.5	0.6	0.3	0.25	0.05	0.45	0.05	1.1	0
brown crab with mayonnaise	1.2	-	4	-	2	-	1.3	-	1.3	-	2.9	-
brown crab with vinaigrette	0.3	-	2.5	-	0.1	-	0.1	-	0.2	-	0.8	-
cracker with butter and jam	5.1	-	0	-	1	-	0	-	0	-	2.7	-
cracker with dairy fat	1.33	0.22	1.73	0.35	0.68	0.4	0.23	0.14	0.23	0.14	3.93	0.39
cracker with jam	3.93	0.89	1.63	0.11	0.83	0.43	0.48	0.21	0.23	0.19	0.83	0.24
cracker with Nutella spread	5.8	-	0.5	-	0	-	0	-	0.2	-	3.5	-
cream cake	4.98	0.26	0.48	0.12	0.39	0.11	0.16	0.06	0.09	0.05	3.85	0.3
crème brûlée	4.24	0.23	0.11	0.06	1.32	0.12	0.95	0.15	0.04	0.04	2.99	0.22
croissant	2.09	0.18	0.28	0.08	0.32	0.16	0.22	0.09	0.11	0.05	2.9	0.44
cucumber with vinaigrette	0.55	0.08	2.35	0.24	1.57	0.16	1.27	0.13	0.53	0.1	1.3	0.15
custard	2.88	0.12	0	0	0.46	0.17	0.22	0.16	1.16	0.32	1.54	0.09
custard tart	3.48	0.36	0.05	0.05	1.55	0.52	0.48	0.19	0.28	0.16	2.35	0.64
dandelions with vinaigrette	0.05	0.05	1.85	0.35	1.9	0.3	2.4	0.7	0.5	0.4	2.05	0.85
dark chocolate	2.78	0.38	0.09	0.04	1.08	0.16	3.47	0.27	0.12	0.04	3.16	0.31
dried date	4.23	0.7	0	0	0.7	0.36	0.4	0.23	1.23	0.62	1.87	0.52
donut	4.47	0.68	0.2	0.14	0.03	0.02	0.02	0.02	0.17	0.11	4.67	0.63
dry bean	0.55	0.14	2.84	0.21	1.51	0.18	0.86	0.14	1.29	0.17	2.12	0.14
dry goat cheese	0.36	0.09	2.97	0.21	1.74	0.24	1.3	0.13	0.89	0.12	2.76	0.27
dry sausage	0.41	0.12	4.1	0.19	0.73	0.14	0.37	0.09	1.59	0.15	3.52	0.2
dry-cured ham	0.35	0.08	3.7	0.23	1.39	0.12	0.72	0.08	1.5	0.13	2.53	0.22
roast duck	0.58	0.12	3.03	0.27	0.68	0.11	0.51	0.11	1.54	0.21	2.95	0.26
duck confit	1.5	-	3	-	0.9	-	1	-	1.1	-	3.1	-
foie gras	0.44	0.14	2.81	0.15	1.23	0.25	1.09	0.13	1.23	0.24	4.76	0.66
dumpling	0.77	0.31	3.34	0.35	0.83	0.33	0.53	0.21	1.51	0.28	2.99	0.43
edam cheese	0.75	0.75	3	0.1	0	0	0	0	0.35	0.35	1.6	0.3
egg custard	3.52	0.24	0.08	0.08	1.1	0.23	0.86	0.13	0.8	0.27	1.9	0.36
eggplant	1.1	0.35	2.43	0.62	0.67	0.57	0.97	0.12	0.73	0.45	2.1	0.55
emmental cheese	0.49	0.08	2.43	0.2	0.79	0.2	0.53	0.18	0.43	0.19	2.21	0.22
emmental cheese with bread	0.15	0.15	0.85	0.05	1.85	0.65	1.45	0.25	0	0	1.15	0.05
braised endive 	0.9	0.1	3.7	0.3	2.75	0.15	3.35	0.05	1.25	0.05	2.35	0.05
cooked endive with sauce	0.15	0.12	2.6	0.09	0.93	0.21	2.1	0.17	0.98	0.39	1.48	0.13
endive salad	0.57	0.19	2.34	0.24	2.03	0.37	2.05	0.2	0.47	0.15	1.89	0.36
endives with ham	0.52	0.19	2.76	0.2	1.66	0.27	2.09	0.29	1.34	0.14	1.92	0.16
epoisses cheese	0.28	0.19	4.03	0.23	0.4	0.24	2	0.53	1.15	0.45	5	0.32
ewe cheese	0	0	3.37	0.33	1.47	0.19	1.97	0.5	1.57	0.23	3.53	0.48
expresso coffee	0	0	0.2	0	0.4	0.3	4	0.9	0.05	0.05	0.05	0.05
extruded salty crackers	0.42	0.19	4.26	0.38	0.28	0.12	0.24	0.12	0.64	0.28	2.24	0.41
fava beans	1	0	3.55	0.15	2.6	0	1.6	0.2	1.75	0.15	2.45	0.05
sautéed fennel 	0.55	0.05	3.2	0.3	0.4	0.4	0.4	0	0.6	0.1	1.2	0.2
dried fig	2.98	0.29	0.02	0.02	0.53	0.2	0.63	0.14	0.5	0.16	1.5	0.88
fig	2.67	0.23	0.13	0.09	1.23	0.18	0.63	0.35	0.7	0.15	2	0.35
fish and seafood terrines	0.64	0.27	3.29	0.54	1.5	0.35	1.21	0.29	2.23	0.63	2.24	0.21
Flamby custard	3.48	0.29	0.03	0.02	0.3	0.13	0.16	0.13	0.06	0.04	1.41	0.19
flavoured sparkling water 	3.05	0.78	0.2	0.07	1.13	0.4	0.68	0.24	0.33	0.24	0.23	0.23
flavoured water with lemon juice	0	0	0	0	5.4	0.63	1.08	0.19	0	0	0	0
iles flottantes	4.2	0.23	0.28	0.12	0.53	0.13	0.26	0.08	0.51	0.15	1.88	0.31
fortified wines	2.74	0.52	0.11	0.04	1.3	0.31	1.06	0.15	0.09	0.04	0.24	0.15
fourme d'ambert cheese	0.8	-	2.6	-	1.6	-	2.9	-	1.5	-	2.3	-
frankfurter and knack with mustard	0	-	3	-	6.4	-	0	-	0.4	-	2.8	-
frankfurter and knack	0.67	0.26	3.27	0.38	0.96	0.2	0.61	0.19	1.84	0.32	2.83	0.45
fresh goat cheese	0.34	0.09	2.76	0.24	1.7	0.26	0.85	0.17	0.68	0.13	2.65	0.27
fresh goat cheese with bread	0.63	0.05	3.95	0.49	1.9	0.43	1.58	0.28	1.3	0.2	3.13	0.39
fried eggs	0.52	0.16	2.37	0.27	0.46	0.11	0.29	0.07	0.77	0.12	1.56	0.2
frisée salad with vinaigrette	0.23	0.06	1.94	0.22	1.53	0.15	1.28	0.2	0.55	0.11	1.57	0.12
frogs with sauce	0.7	0.7	2.5	0.1	1.15	0.55	0.6	0.4	1.45	0.25	2.3	0.6
fruit cake	4.4	-	1.3	-	0.3	-	0.2	-	0.7	-	0.8	-
fruit candy	5.5	0.2	0.05	0.05	2.35	0.55	0.45	0.25	0.05	0.05	0.5	0.4
fruit charlotte	3.75	0.55	0	0	2	0.1	0	0	0	0	1.3	0.5
fruit crumble	3.92	0.52	0.52	0.11	2.36	0.57	0.46	0.19	0.18	0.16	2.22	0.59
fruit soda	4.56	0.69	0.11	0.08	2.13	0.42	1.39	0.51	0.06	0.06	0.39	0.28
fruit sorbet 	3.11	0.27	0.03	0.01	1.15	0.36	0.35	0.14	0.16	0.09	0.3	0.11
fruit tart	3.59	0.15	0.46	0.07	2.6	0.19	0.57	0.09	0.08	0.03	2.06	0.16
fruit-flavoured beer	0.5	-	0	-	0	-	2.1	-	0	-	0	-
lambic beer	2.4	0	0	0	3.7	0.59	2.07	0.38	0	0	0	0
garlic sausage	0.68	0.17	2.81	0.25	1.01	0.25	0.84	0.23	1.47	0.23	2.79	0.45
gingerbread	4.36	0.42	0.83	0.18	0.53	0.21	0.75	0.2	0.35	0.15	2.09	0.65
gizzards	0.95	0.13	2.88	0.19	0.53	0.29	0.15	0.09	1.18	0.17	1.85	0.3
gnocchi	0.67	0.23	2.73	0.39	0.14	0.11	0.08	0.08	0.67	0.24	2.29	0.39
gorgonzola cheese	0	-	4.2	-	3.4	-	2.4	-	1.2	-	4.4	-
gouda cheese	0.17	0.12	4.03	0.29	0.29	0.1	0.46	0.27	0.29	0.13	3.84	0.6
dried grape	4.3	-	0.4	-	1.8	-	1	-	0	-	2	-
grape juice	3.67	0.52	0.13	0.13	2.07	0.48	0.87	0.43	0	0	0.5	0.29
grapefruit	1.39	0.17	0.03	0.02	2.58	0.44	2.49	0.44	0.39	0.21	0.02	0.01
grapefruit with sugar	3.08	0.74	0.08	0.08	4.4	0.67	2.64	0.8	0.42	0.4	0.38	0.2
grapefruit juice	3.33	0.51	0.15	0.1	3.88	0.58	4.33	0.38	0.03	0.03	0.03	0.03
green beans 	0.6	0.25	1	0.34	0.88	0.3	0.58	0.25	0.45	0.28	0.45	0.12
green beans with fat	1.05	0.05	0.65	0.05	1.15	0.15	1.5	0.5	0	0	1.15	0.05
green beans with salt and fat	0.8	0.09	3.03	0.11	0.8	0.11	0.73	0.09	0.76	0.08	1.79	0.09
green beans with salt	0.61	0.19	2.36	0.19	0.99	0.23	0.84	0.16	0.66	0.23	0.56	0.12
cooked green cabbage	0.27	0.16	2.19	0.38	1.41	0.23	1.04	0.2	0.96	0.22	0.9	0.24
green cabbage with vinaigrette	0.9	0.15	2.37	1.01	2.57	0.27	1.07	0.03	1.1	0.38	2.37	1.2
gruyère cheese	0.3	-	3.5	-	1.8	-	0.8	-	1	-	2.9	-
gougère	0.39	0.22	3.2	0.31	0.36	0.18	0.23	0.14	0.91	0.19	2.06	0.4
guacamole	0	-	4.8	-	0	-	0	-	3.6	-	4.1	-
roast guinea fowl 	0.07	0.07	2.13	0.12	1.07	0.07	0.73	0.07	1.37	0.16	2.05	0.21
breaded hake 	0.07	0.06	3.84	0.16	0.14	0.13	0.3	0.28	3.57	0.53	3.93	0.3
grilled hake 	0	-	3.7	-	0	-	0	-	4.5	-	2	-
grilled hake with lemon juice	0.27	0.27	3.87	0.18	2.9	0.06	0.33	0.33	4.47	0.3	2.57	0.2
hake in tinfoil	0.1	-	2.9	-	0.9	-	0	-	0	-	3.9	-
hake with sauce	0.86	0.16	2.26	0.33	0.7	0.18	0.43	0.12	1.75	0.45	1.61	0.25
croque-monsieur	0.81	0.21	3.86	0.19	0.36	0.16	0.15	0.09	1.54	0.14	3.54	0.35
ham with parsley	0.77	0.16	3.87	0.15	1.62	0.42	0.5	0.33	1.92	0.29	2.97	0.18
hamburger	1.34	0.37	2.55	0.43	0.65	0.27	0.68	0.18	1.09	0.2	1.83	0.18
hard boiled eggs	0.2	0.12	0.58	0.2	0.2	0.12	0.35	0.24	0.2	0.12	0.8	0.14
hard boiled eggs with mayonnaise	1.14	0.33	2.71	0.29	1.57	0.37	0.29	0.16	1.47	0.31	3.11	0.27
hard boiled eggs with salt	0.68	0.13	2.01	0.45	0.26	0.15	0.31	0.13	0.69	0.15	1.29	0.24
hard boiled eggs with vinaigrette	0.68	0.16	1.28	0.41	0.72	0.27	0.6	0.15	0.6	0.17	1.32	0.23
hazelnut 	0.93	0.03	0.43	0.03	0.4	0.2	1.4	0.25	0.53	0.43	1.03	0.07
herb tea	0	0	0	0	1	0.42	0.77	0.24	0.5	0.25	0.2	0.2
herb teas with sugar	2.2	0.26	0.05	0.02	0.24	0.11	0.53	0.14	0.03	0.01	0.03	0.01
herrings	0.08	0.08	3.26	0.62	1.04	0.18	0.78	0.09	1.84	0.25	2.44	0.52
raw horseradish with salt	0.07	0.07	2.98	0.21	1.9	0.24	1.25	0.18	0.32	0.19	0.4	0.3
hot dog	1	0.32	3	0.44	1.58	0.46	0.93	0.21	2.5	0.18	2.1	0.21
hot drink made from chicory with sugar	2.3	0.2	0.65	0.15	0.9	0.5	2.15	0.55	0	0	1.25	0.55
ice cream	4.16	0.15	0.11	0.04	0.93	0.17	0.62	0.11	0.12	0.04	2.39	0.18
ice cream bars	5.07	0.41	0.2	0.1	1.23	0.47	1.07	0.12	0	0	2.97	0.39
kebab	0.6	0.2	3.4	0.4	0.5	0.1	0	0	2	1.1	3.55	0.85
kidneys with gravy	0.3	0.11	2.77	0.21	1.54	0.17	0.91	0.17	1.66	0.21	2.3	0.22
Kiri cheese	0.07	0.05	2.94	0.24	2.44	0.2	1.14	0.26	1.26	0.29	2.77	0.3
dried kiwi	3.7	-	0.4	-	1.7	-	0.3	-	0	-	1.8	-
kiwi	2.15	0.19	0.02	0.01	2.81	0.3	0.52	0.14	0.1	0.04	0.1	0.05
kouign-amann cake	4.47	1.13	0.6	0.46	0.03	0.03	0	0	0	0	8.37	0.79
lamb with gravy	0.56	0.25	2.67	0.33	1.09	0.26	0.56	0.17	1.8	0.48	3.1	0.48
roast lamb 	0.34	0.08	2.32	0.25	0.86	0.11	0.6	0.1	1.18	0.12	2.52	0.12
langres cheese	0.5	-	5.7	-	1.2	-	2.8	-	1.4	-	5.2	-
lasagna	1.21	0.12	3.21	0.17	1.83	0.14	0.34	0.09	1.74	0.14	3.08	0.22
latte with sugar	1.98	0.26	0.05	0.04	0.84	0.21	1.42	0.17	0.02	0.02	1.15	0.15
latte without sugar	0.13	0.13	0	0	0.17	0.17	3.43	0.49	0.17	0.11	1.59	0.24
melted leek  	1.17	0.03	2.8	0.51	2.63	0.69	0	0	0.87	0.43	2.2	0.12
leek with vinaigrette	0.45	0.12	1.93	0.27	1.95	0.44	0.82	0.16	0.73	0.15	1.47	0.2
lemon	0.4	-	0.3	-	8.9	-	4.1	-	0.3	-	0.5	-
lentils	0.76	0.18	2.91	0.33	0.56	0.14	0.85	0.17	0.91	0.18	1.82	0.23
lentils salad	0.78	0.13	2.6	0.5	1.45	0.38	0.68	0.14	1.08	0.54	1.65	0.12
light lager	1.72	0.33	0.04	0.03	0.39	0.19	5.25	0.3	0.12	0.08	0.07	0.05
litchi 	4.1	-	0.4	-	1.1	-	2	-	0	-	0.5	-
litchi juice	5.4	-	0.5	-	0.5	-	1.6	-	0	-	0.8	-
lobster armorican	0.4	-	4.5	-	0.4	-	0.4	-	0.5	-	3	-
macaroons	3.35	0.41	0.07	0.07	1.88	0.42	0.48	0.09	0	0	1.55	0.23
canned mackerel 	0.5	0.17	2.67	0.19	0.87	0.18	0.53	0.28	0.6	0.21	0.67	0.09
marinated mackerel 	0	0	2.4	0	1.3	0.2	0.65	0.05	2.4	0.6	3.15	0.35
moist sponge cake	3.6	-	1.2	-	1.6	-	0.6	-	0.2	-	4	-
dried mango	4.3	-	0.3	-	1.7	-	0.3	-	0	-	1.9	-
mango	3.75	0.32	0.05	0.03	2.28	0.29	0.99	0.23	0.02	0.01	1.51	0.18
marinated mussels	0.7	0.2	1.4	0.1	5.65	0.05	1.4	0.4	1.05	0.15	0.5	0.1
mascarpone cheese	0.4	-	1.3	-	0.8	-	0.6	-	0.2	-	6.8	-
mashed potatoes	1.25	0.13	1.63	0.19	0.62	0.06	0.57	0.07	0.79	0.11	1.32	0.12
mashed potatoes with butter	1.48	0.38	2.78	0.24	0.62	0.21	0.32	0.15	1.15	0.35	2.47	0.51
pâté en croûte	0.54	0.09	3.18	0.15	1.27	0.11	0.65	0.12	1.51	0.09	2.49	0.14
meatballs	0.38	0.24	2.3	0.29	0.52	0.15	0.92	0.25	1.78	0.7	2.64	0.91
melon water	3.61	0.44	0.23	0.08	1.09	0.29	0.44	0.18	0.09	0.09	0.27	0.14
merguez sausage	0.13	0.07	3.57	0.25	0.09	0.05	0.27	0.1	2.49	0.22	4.05	0.37
meringue	5.33	0.07	0	0	0	0	0	0	0	0	0	0
milk chocolate	5.8	0.2	0.55	0.55	0.7	0.2	0.75	0.35	0	0	4.5	0.7
hot milk chocolate 	3.06	0.29	0.19	0.1	0.36	0.11	0.34	0.1	0.19	0.13	1.91	0.38
mimolette cheese	0	-	2.4	-	1.5	-	1.4	-	1.8	-	2.8	-
minced beef patty	0.44	0.06	2.52	0.21	0.81	0.17	0.32	0.08	1.23	0.12	2.34	0.2
mint	5.35	0.15	0.05	0.05	0.35	0.05	0.15	0.15	0.05	0.05	0.05	0.05
mix fruits juice	2.58	0.56	0.28	0.19	3.85	0.79	1.6	0.27	0	0	1.2	0.18
mix fruits salad	2.46	0.31	0.01	0.01	2.38	0.39	0.85	0.2	0.13	0.09	0.71	0.16
mix fruits stewed	3.33	0.29	0.03	0.02	2.47	0.24	0.39	0.14	0.01	0.01	0.59	0.19
mix vegetables and starch	0.97	0.18	2	0.18	0.98	0.22	1.01	0.17	0.44	0.17	2.25	0.25
mix vegetables cooked	1.06	0.11	2.52	0.14	0.97	0.11	0.79	0.09	0.53	0.1	1.9	0.2
mix vegetables juice	1.45	0.55	2.4	0.3	0.7	0	0.95	0.45	0	0	0.65	0.35
mix vegetables salad	1.26	0.15	3.32	0.26	2.38	0.3	1	0.19	0.84	0.16	2.45	0.3
mix vegetables soup	0.5	0.11	1.59	0.48	1.03	0.15	0.76	0.12	0.48	0.14	0.59	0.16
mix vegetables soup with cream	0.76	0.18	2.86	0.73	1.54	0.34	1.06	0.22	0.7	0.3	2.8	0.27
stewed mix vegetables 	4.1	-	2.2	-	0.6	-	1.7	-	1.8	-	5.6	-
mixed salads	0.65	0.15	2.63	0.38	3.15	0.29	1.74	0.36	0.5	0.11	2.17	0.28
mixed salad starch based with cold cuts	0.83	0.11	3.36	0.18	1.78	0.19	0.5	0.15	1.67	0.23	2.31	0.21
mixed salad starch based	0.92	0.32	2.37	0.42	1.27	0.18	1.07	0.31	1.25	0.32	3.3	0.54
tomato based mixed salad	2.08	0.23	1.4	0.2	1.54	0.17	0.32	0.2	0.78	0.24	1.42	0.29
mont d'or cheese	0.09	0.06	2.93	0.17	1.69	0.19	1.78	0.15	1.69	0.23	3.68	0.28
montbéliard sausage	0.33	0.21	3.2	0.4	1.33	0.36	0.83	0.22	1.3	0.13	2.78	0.21
morbier cheese	0.28	0.07	3.23	0.16	1.19	0.16	1.31	0.24	0.92	0.16	3.26	0.18
mortadella	0	0	3.11	0.32	1.51	0.2	1.06	0.23	1.73	0.23	2.98	0.2
morteau sausage	0.32	0.23	3.14	0.29	1.18	0.33	0.88	0.3	1.42	0.34	2.84	0.27
moussaka	0.9	0.13	3.76	0.44	0.9	0.46	1.18	0.43	2.24	0.56	4.46	0.65
mousse and liégeois with caramel	3.1	0.1	0.15	0.15	1.05	0.05	1.3	0.4	0.75	0.55	2.05	0.65
mousse and liégeois with chocolate	4.23	0.36	0.04	0.02	0.23	0.08	0.73	0.15	0.1	0.06	3.33	0.35
mousse and liégeois with coffee	3.63	0.23	0.07	0.07	0.33	0.18	0.57	0.32	0.33	0.2	1.83	0.15
muffin	3.25	0.35	0.6	0.3	0.5	0	0.15	0.15	0.15	0.15	1.65	0.55
munster cheese	0.43	0.21	3.63	0.42	1.18	0.53	1.75	0.09	0.6	0.25	3.65	0.39
Munster cheese avec pain	0.5	0.1	3.55	0.15	0.85	0.05	2.85	0.55	0.85	0.15	4.3	1.3
sautéed mushroom	0.78	0.16	3.09	0.32	1.15	0.24	1.1	0.2	1.97	0.46	2.59	0.46
mushrooms with sauce	0.34	0.12	2.78	0.24	1.46	0.23	1.13	0.12	1.64	0.16	2.21	0.19
muskmelon 	3.23	0.13	0.06	0.02	0.56	0.07	0.35	0.05	0.19	0.04	0.21	0.04
mussels with white wine cream sauce	0.24	0.11	3.35	0.22	1.02	0.26	0.88	0.17	2.45	0.34	1.06	0.24
nectarine	2.43	0.22	0.04	0.03	1.93	0.23	0.54	0.17	0.07	0.03	0.33	0.13
salty crackers	1.4	0.24	3.35	0.61	0.3	0.07	0.2	0	0.4	0.09	0.68	0.08
black olives	0.55	0.11	3.49	0.31	2.22	0.39	1.6	0.44	0.68	0.14	1.77	0.37
green olives	0.53	0.13	3.02	0.34	2.48	0.67	1.42	0.32	1.47	0.26	1.67	0.29
omelette with cheese	0.55	0.55	3	1	1.45	0.05	0.45	0.45	1.2	0.1	2.45	0.55
omelette with potatoes	0.68	0.27	3.02	0.25	0.35	0.17	0.3	0.13	1.05	0.16	2.73	0.41
omelette with viandox	0	-	2.9	-	0	-	0	-	3	-	2	-
omelette with vinegar	1.17	0.62	2.97	0.32	2.07	0.13	0.9	0.31	1.63	0.32	2.6	0.31
orange	2.79	0.21	0.01	0.01	2.37	0.26	0.8	0.14	0.14	0.05	0.08	0.04
orange juice	2.81	0.21	0.09	0.03	2.78	0.25	0.81	0.12	0.22	0.07	0.17	0.05
oriental pastries	4.3	0.55	0.18	0.08	0.78	0.18	0.71	0.15	0.05	0.05	3.25	0.55
oysters with lemon juice	0.43	0.07	3.63	0.35	3	0.06	1.07	0.09	2.77	0.38	1.97	0.03
oysters without lemon juice	0	0	3.45	0.45	1.7	0	2.15	0.45	1.7	0.1	0.7	0.1
paella	0.83	0.18	3.87	0.24	0.22	0.13	0.72	0.24	3.45	0.36	3.36	0.25
palm hearts with vinaigrette	1.5	0.4	2.8	0.61	4.33	0.78	0.37	0.37	0.2	0.1	2.17	1.07
parmesan cheese	0.17	0.17	5.37	0.13	0.43	0.43	0.13	0.13	0.57	0.03	5.93	0.09
passion fruit	1.93	0.4	0.02	0.02	6.2	0.79	0.22	0.2	0.08	0.07	0.2	0.18
unsalted pasta 	0.8	-	0.2	-	0.9	-	0.6	-	0.9	-	0.5	-
pasta with cheese and tomato sauce	1.07	0.23	2.62	0.18	2.5	0.27	0.6	0.28	0.9	0.27	2.27	0.48
pasta with cheese	0.53	0.16	2.69	0.2	0.65	0.24	0.45	0.21	0.48	0.15	2.25	0.27
pasta with gravy	0.66	0.16	2.41	0.35	0.86	0.18	0.51	0.15	1.19	0.2	1.81	0.19
pasta with ketchup	3.5	0.7	2.6	0.1	0.5	0.5	0	0	0	0	2.05	0.05
pasta with olive oil and cheese	0.4	0.14	2.97	0.19	0.02	0.02	0.05	0.03	0.15	0.15	2.83	0.37
pasta with salt and butter	0.56	0.09	3.15	0.14	0.34	0.08	0.14	0.04	0.66	0.08	2.52	0.1
pasta with salt	0.26	0.15	1.82	0.26	0.38	0.17	0.26	0.12	0.06	0.06	0.96	0.07
pasta with soy sauce	0	-	2.5	-	1.2	-	1.8	-	1.9	-	1	-
pasta with tomato sauce	1.1	0.15	1.8	0.29	1.3	0.24	0.6	0.12	0.79	0.26	2.07	0.3
pasta gratin	0.55	0.19	3	0.48	1.3	0.21	0.8	0.07	1.25	0.25	2.63	0.55
pasta with carbonara sauce	1	-	2.9	-	0.8	-	1.2	-	1.9	-	3.2	-
pâtés	0.55	0.09	3.32	0.16	1.36	0.1	0.62	0.09	1.61	0.07	3.09	0.16
peach 	2.9	0.19	0.04	0.02	1.85	0.24	0.53	0.11	0.2	0.07	0.29	0.08
stewed peach 	5.2	-	0.6	-	3.8	-	0.9	-	0	-	3.9	-
pear	3.15	0.16	0.08	0.05	1.15	0.11	0.52	0.07	0.11	0.03	0.2	0.06
peas	1.51	0.16	1.95	0.22	0.75	0.1	0.68	0.13	0.75	0.1	1.49	0.23
persimmon	3.6	0.87	0	0	0	0	0	0	0.13	0.09	1.6	0.61
petit suisse	3.5	0.57	0.02	0.02	1.22	0.15	0.42	0.21	0.48	0.28	2.4	0.59
petit suisse with sugar and cream	3.43	0.21	0	0	1.48	0.08	0	0	0	0	3.98	0.16
petit suisse with sugar 	2.85	0.2	0.05	0.03	1.81	0.16	0.52	0.1	0.33	0.08	2.25	0.23
pickled pork with lentils	0.9	-	4.9	-	0.6	-	1.2	-	3.5	-	4.9	-
pies	1.08	0.08	4.33	0.33	2.15	0.27	1.03	0.34	1.83	0.26	3.95	0.38
roast pigeon	0	-	2.4	-	0.6	-	0.3	-	1.3	-	1.4	-
pineapple	3.54	0.29	0.03	0.01	2.18	0.31	0.89	0.17	0.08	0.05	0.37	0.11
pineapple in syrup	3.58	0.48	0	0	1.63	0.35	0.68	0.39	0	0	0.7	0.41
pineapple juice	4.15	0.45	0.25	0.25	2.15	0.65	0.8	0	0	0	0.4	0.4
dry salted pistachios	1.13	0.35	2.27	0.72	0.53	0.09	1	0.06	0.63	0.24	1.73	0.33
pizzas	0.86	0.1	3.46	0.16	1.31	0.13	0.51	0.1	1.43	0.15	2.65	0.2
plaice with lemon juice	0.38	0.1	1.06	0.49	2.7	0.15	0.88	0.06	2.9	0.29	2	0.08
plaice without lemon juice	0.8	-	4.1	-	0.6	-	1.1	-	3	-	3.7	-
plums 	3.42	0.18	0.06	0.02	1.71	0.12	1.05	0.11	0.13	0.05	0.32	0.07
pomelo 	1.5	0.23	0.1	0.07	3.33	0.39	2.23	0.3	0.05	0.03	0.05	0.03
pork with gravy	0.36	0.17	2.6	0.39	1.57	0.37	0.57	0.24	1.27	0.32	2.49	0.34
roast pork 	0.43	0.07	2.96	0.13	0.51	0.09	0.38	0.06	1.68	0.11	2.81	0.13
potato chips	0.7	0.13	4.54	0.27	0.42	0.12	0.44	0.13	0.94	0.22	3.19	0.48
potato croquettes	0.45	0.1	3.4	0.19	0.34	0.09	0.18	0.05	0.72	0.12	3.1	0.25
potato gratin 	0.83	0.22	3.41	0.17	0.51	0.16	0.15	0.06	1.33	0.18	2.72	0.29
fried potatoes  	0.72	0.09	3.04	0.18	0.47	0.07	0.34	0.05	0.56	0.08	2.99	0.18
potato salad	0.6	0.31	1.83	0.59	1.2	0.26	0.4	0.26	1.17	0.12	1.93	0.09
boiled potatoes 	0.6	0.2	2.3	0.12	0.13	0.09	0.43	0.12	0	0	1.33	0.81
potatoes with cheese	1	0.38	2.45	0.59	1.23	0.28	0.75	0.17	0.28	0.16	3.68	0.43
potatoes with ketchup	1.93	0.54	2.13	0.62	4.47	0.41	0.48	0.29	0.82	0.18	2.52	0.5
potatoes with mayonnaise	0.65	0.4	4.03	0.47	0.68	0.27	0.45	0.18	0.18	0.18	4.08	1.04
potatoes with salt and dairy fat	1.41	0.18	2.69	0.31	0.97	0.19	0.48	0.17	0.76	0.17	2.06	0.21
potatoes with salt	1.07	0.12	2.47	0.22	0.37	0.1	0.34	0.08	0.56	0.13	1.03	0.17
potatoes with sauce	0.74	0.22	2.33	0.25	0.75	0.21	0.45	0.16	1.08	0.2	2.4	0.64
potatoes without salt	1.22	0.37	0.32	0.15	0.25	0.11	0.48	0.19	0.28	0.13	0.33	0.11
pound cake	3.87	0.22	0.85	0.24	0.19	0.07	0.21	0.09	0.14	0.08	2.55	0.46
provolone cheese	0.47	0.19	4.8	0.31	0.5	0.4	1.27	0.03	0.87	0.03	5.67	0.22
dried prunes	3.15	0.67	0.1	0.1	1.68	0.03	1.03	0.24	0.38	0.15	0.45	0.45
broiled quail 	0	0	2.27	0.07	0.43	0.13	0.33	0.09	1.43	0.38	1.7	0.2
faisselle	0	0	1.4	0.49	2.23	1.43	0.63	0.38	0.1	0.1	1.43	0.19
faisselle with sugar	3.06	0.5	0.28	0.18	2.36	0.45	0.4	0.25	0.22	0.16	1.9	0.31
fromage blanc with fruits	2.87	0.21	0.07	0.04	2.11	0.3	0.75	0.15	0.41	0.14	2.03	0.25
fromage blanc light with sugar	3.12	0.27	0.08	0.05	1.82	0.16	0.28	0.19	0.02	0.02	2.73	0.72
fromage blanc with fruits	3.12	0.2	0.05	0.04	1.71	0.24	0.57	0.12	0.47	0.17	1.73	0.17
quiches	0.74	0.11	3.19	0.24	0.88	0.16	0.5	0.12	0.93	0.18	2.84	0.18
quinoa	0.85	0.15	2.55	0.15	2.1	0.3	1.1	0.4	1.15	0.15	1.55	0.35
rabbit with gravy	0.28	0.15	2.74	0.11	1.25	0.19	1.05	0.17	1.65	0.17	1.9	0.19
roast rabbit 	0.37	0.19	1.93	0.37	1.07	0.09	0.7	0.1	1.37	0.26	1.43	0.2
raclette cheese	0.42	0.16	3.85	0.26	0.33	0.11	0.33	0.14	1.07	0.52	3.75	0.37
radish	0.55	0.07	0.37	0.14	0.83	0.23	0.95	0.11	0.25	0.11	0.27	0.12
radish with salt and butter	0.27	0.08	3.99	0.43	0.77	0.19	1.48	0.33	0.24	0.12	3.26	0.5
radish with salt	0.19	0.08	3.01	0.31	1.39	0.12	0.65	0.11	0.45	0.15	0.24	0.1
raspberry	2.2	0.23	0.08	0.03	2.49	0.45	0.36	0.09	0.04	0.02	0.09	0.05
raspberry with whipped cream	1.55	0.45	0	0	2.55	0.85	0.45	0.45	0.05	0.05	1.45	0.45
raspberry jam	6	-	0.9	-	3	-	0.8	-	0	-	1.6	-
raspberry cake	3.43	0.47	0.03	0.03	1.37	0.17	0.4	0.26	0.03	0.03	2.93	0.52
raviolis	1.38	0.17	2.48	0.33	1.64	0.35	0.18	0.09	1.36	0.25	2.69	0.37
reblochon cheese	0.23	0.13	3	0.27	0.25	0.25	0.73	0.5	0.25	0.15	4.05	0.47
red cabbage with vinaigrette	0.22	0.22	1.97	0.25	1.8	0.34	1.18	0.18	0.8	0.17	1.42	0.29
red mullet with lemon juice	0	0	2.93	0.26	1.83	0.29	0.83	0.1	2.53	0.73	1.13	0.39
red mullet	0.8	-	4.9	-	0.8	-	1.9	-	4.3	-	1.7	-
redcurrant	1	0	0.05	0.05	5.8	1	0.55	0.55	0.45	0.45	0.15	0.15
redcurrant juice	1.4	-	0.1	-	4.8	-	1.7	-	0.1	-	0.1	-
rhubarb jam	5.8	-	0	-	1.6	-	0	-	0	-	3	-
stewed rhubarb 	1.75	0.05	0.05	0.05	3.9	0.1	0.55	0.25	0.05	0.05	0.05	0.05
rice pudding	3.57	0.32	0.1	0.08	0.48	0.23	0.26	0.11	0.07	0.05	2.48	0.42
rillettes fish	0.6	0.21	4.32	0.3	1.55	0.76	0.73	0.44	1.87	0.58	4.4	0.77
rillettes pork 	0.39	0.11	3.16	0.33	1.23	0.14	0.87	0.16	2.18	0.2	3.86	0.25
risotto	0.8	0.08	2.86	0.21	1	0.1	0.76	0.2	1.34	0.27	2.58	0.63
roasted and salted peanuts	0.7	0.26	4.35	0.58	0.45	0.14	0.75	0.17	0.53	0.25	2.43	0.63
rondelé cheese	0.6	0.22	3.23	0.74	1.3	0.54	1.1	0.39	0.58	0.25	2.73	0.5
roquefort cheese	0.13	0.1	4.13	0.18	1.74	0.25	2.24	0.35	1.26	0.19	3.47	0.32
rusk with butter and jam	5	-	4.3	-	0	-	0	-	0	-	4.1	-
rusk with butter	0	-	1.4	-	0	-	0.7	-	0	-	2.2	-
rusk with jam	4.7	0.26	1	0.5	1.1	0.25	1.17	1.02	0.03	0.03	0.77	0.33
rusk with Nutella spread	5.25	0.15	0.75	0.05	0	0	0	0	0.15	0.15	2.3	1.2
rye bread with butter	1.7	0.9	0.75	0.75	0.95	0.05	0.6	0.6	0	0	4.7	1.4
rye bread without butter	1.45	0.45	1.8	0.3	0.6	0.1	0.8	0	0.2	0	0.2	0
saint-agur cheese	0	-	4.8	-	2.8	-	2.5	-	1.3	-	5.3	-
saint-agur cheese with bread	1	-	4.2	-	3.4	-	2.5	-	1.2	-	4.5	-
saint-félicien cheese	0.45	0.04	3.52	0.46	1.15	0.19	1.23	0.26	0.65	0.17	4.98	0.51
saint-marcelin cheese	0.5	0.06	3.15	0.27	1.33	0.31	1.97	0.04	0.72	0.15	4.02	0.47
saint-moret cheese	0	0	3.9	0.5	0	0	1	1	0	0	3.75	0.65
saint-moret with bread	0.7	0.15	2.9	1.06	1.43	0.87	0.6	0.31	0.3	0.3	3.43	0.33
saint-paulin cheese	0.88	0.23	2.55	0.55	0.28	0.28	0.2	0.2	0.53	0.32	3	0.06
salad with vinaigrette	0.28	0.05	2.05	0.14	2.07	0.14	0.84	0.07	0.35	0.06	1.78	0.11
boiled salmon 	0.87	0.32	3.1	0.56	1.31	0.28	0.33	0.18	1.83	0.55	2.21	0.6
grilled salmon 	0.89	0.06	3.14	0.26	1.54	0.21	0	0	1.94	0.4	3.19	0.18
smoked salmon 	0.95	0.15	4.15	0.29	0.82	0.21	0.45	0.19	2.46	0.4	3.82	0.39
salsify	0.93	0.18	2.62	0.27	1.54	0.31	0.85	0.15	0.88	0.12	1.8	0.28
salted butter caramel	5.6	0.3	1.82	0.26	0.78	0.33	0.62	0.21	0.3	0.18	2.84	0.6
salted cake	0.48	0.13	2.76	0.2	0.93	0.2	0.61	0.13	0.69	0.16	2.38	0.3
salted pies	0.98	0.2	3.61	0.22	1.31	0.43	0.43	0.23	1.96	0.3	2.59	0.4
Samos cheese	0.8	-	2.8	-	1.7	-	0.2	-	0.1	-	3.1	-
samosas	0.7	0.3	2.33	0.58	0.07	0.07	0.23	0.23	1.83	0.47	3.03	0.71
sandwich with cold cuts	0.7	0.2	2.36	0.33	1.13	0.24	0.77	0.09	1.37	0.23	2.42	0.43
sangria cocktail	3.8	0.26	0	0	2.51	0.59	0.2	0.2	0	0	0	0
canned sardines	0.36	0.18	3.57	0.31	0.82	0.19	1.01	0.24	1.69	0.46	3.88	0.44
canned sardines with lemon juice	0	0	3.68	0.35	4.64	0.84	0	0	0.26	0.26	5	0.53
grilled sardines	0.37	0.37	3.47	0.35	1.6	0.36	0.5	0.29	2.07	0.6	3.07	0.59
sauerkraut	0.4	0.15	3.96	0.33	2.45	0.32	1.24	0.11	2	0.24	3.45	0.38
scallops	0.9	0.1	2.97	0.26	1.27	0.49	0.43	0.3	1.37	0.38	2.2	0.57
sautéed scallops	0.96	0.13	3.12	0.16	0.83	0.15	0.42	0.14	1.98	0.33	2.51	0.24
semolina	0.65	0.14	2.43	0.29	0.78	0.19	0.61	0.15	0.84	0.21	1.39	0.23
semolina pudding	2.66	0.13	0.04	0.02	0.26	0.19	0.2	0.13	0.38	0.33	1.46	0.13
shepherd's pie	0.6	0.26	3.29	0.31	0.73	0.29	0.36	0.15	1.91	0.22	2.7	0.27
shortbread	4.38	0.25	1.27	0.16	0.35	0.11	0.24	0.06	0.31	0.1	1.56	0.23
shrimp with mayonnaise	0.62	0.1	2.92	0.22	1.04	0.18	0.56	0.13	2.02	0.26	1.63	0.22
smoked ham	0.12	0.12	3.6	0.58	0.94	0.27	0.86	0.24	1.38	0.22	2.42	0.17
snails	0	-	2	-	0.4	-	0.9	-	0	-	4	-
soft boiled eggs	1.3	0.3	2.3	0.2	0.45	0.15	0.15	0.15	1.05	0.25	2.35	0.85
grilled sole 	0.25	0.25	1.8	0.5	1.05	0.05	0.9	0.3	0.85	0.35	0.85	0.55
grilled sole with lemon juice	0.4	0.2	1.33	0.66	3.67	0.38	1.5	0.45	2.9	0.49	1.67	0.48
sour fruit candy	5.4	0.1	0	0	9.25	0.45	1.8	0.3	0	0	0.4	0.4
sourdough bread with butter	0.8	-	2.6	-	0.7	-	0.8	-	0.7	-	2.1	-
sourdough bread	0.93	0.43	1.83	0.37	1.07	0.58	0.27	0.09	0.2	0.12	0.47	0.24
soy sprouts with soy sauce	0.97	0.5	3.67	0.27	1.97	0.77	0.27	0.27	3.97	0.67	0	0
sparkling water	0.13	0.08	1.38	0.17	0.2	0.07	0.43	0.18	0.05	0.05	0	0
sparkling water with lemon juice	0.08	0.08	0.65	0.27	3.7	0.65	1	0.25	0	0	0	0
Mousseux	1.21	0.11	0.1	0.03	1.64	0.31	0.61	0.1	0.28	0.12	0.16	0.05
spinach with cream	0.56	0.14	2.37	0.22	1.17	0.17	1.31	0.1	0.79	0.15	1.57	0.16
spread with bread	5.5	0.5	0.83	0.09	1.2	0.5	0.6	0.32	0	0	3.93	0.49
spring rolls	1.21	0.25	3.4	0.54	1.68	0.45	0.18	0.18	3.21	0.34	3.94	0.55
squid	0.6	0.55	2.4	0.55	0.6	0.46	0.87	0.23	1.57	0.67	2.57	1.4
stew	1.2	-	3.7	-	0	-	0	-	0.9	-	1.7	-
ratatouille	1.16	0.18	2.87	0.23	1.61	0.23	1.29	0.17	0.55	0.15	1.43	0.16
sticks and pretzels	0.76	0.18	3.15	0.42	0.44	0.14	0.33	0.1	0.4	0.18	1.15	0.57
strawberry 	2.12	0.15	0.04	0.02	1.41	0.26	0.13	0.07	0.03	0.02	0.03	0.02
strawberry with cream and sugar	3.76	0.3	0	0	1.33	0.19	0.3	0.12	0.13	0.08	1.76	0.27
strawberry with lemon juice	4.1	-	0	-	4.2	-	0	-	0	-	0	-
strawberry with sugar	3.42	0.17	0.04	0.03	1.96	0.19	0.69	0.12	0.33	0.12	0.26	0.1
strawberry jam	7.4	-	0.4	-	1.8	-	0.8	-	0	-	1.9	-
strawberry juice	6.2	-	0.5	-	1.8	-	0.3	-	0	-	0.9	-
strong lager	0.32	0.07	0.02	0.02	4.08	0.37	3.88	0.4	0.04	0.04	0.28	0.08
stuffed chicken	0.6	-	4.3	-	1.1	-	0.3	-	3.2	-	5.3	-
stuffed salty pancake	0.98	0.16	3.39	0.24	0.75	0.2	0.51	0.14	1.57	0.31	3.17	0.44
stuffed puff pastries	0.83	0.26	3.65	0.37	1.09	0.27	1.16	0.35	1.71	0.45	4.15	0.77
stuffed tomatoes	0.92	0.23	3.18	0.16	1.94	0.37	0.37	0.14	0.85	0.31	2.71	0.23
stuffed veal	0.24	0.1	3.55	0.2	0.59	0.27	0.41	0.15	1.98	0.28	2.7	0.23
stuffed zucchini	1.5	-	3.8	-	0	-	0.9	-	3	-	2.9	-
surimi with mayonnaise	1.32	0.14	3.84	0.22	1.64	0.27	0	0	3.04	0.54	3.02	0.34
sweet cookies with chocolate	4.12	0.32	0.41	0.16	0.43	0.11	0.48	0.14	0.24	0.11	2.29	0.35
sweet cookies with fruits	4.25	0.33	0.35	0.13	1.22	0.32	0.75	0.23	0.42	0.21	1.3	0.29
sweet corn	1.35	0.33	0.62	0.46	0.28	0.18	0.23	0.18	0.05	0.05	0.48	0.31
sweet corn with mayonnaise	1	0.5	2.45	1.05	0.65	0.65	0.4	0.4	0	0	2.2	0
sweet corn with vinaigrette	2.04	0.46	2.52	0.54	1.74	0.57	0.76	0.31	0.92	0.21	2.22	0.54
sweet flaky cookies	2.7	0.1	0	0	1.45	0.15	0.9	0.2	1.1	0.2	1.2	0.1
sweet pancake	1.1	-	0	-	0	-	0	-	0	-	3.3	-
sweet pancake with Nutella spread	5.42	0.52	0.52	0.32	0.12	0.12	0.26	0.26	0.24	0.17	4.1	0.82
sweet pancake with maple syrup	4.77	0.18	0.5	0.5	0	0	0	0	0.17	0.17	3.27	1.13
sweet pancake with jam	5.18	0.45	0.62	0.32	1.02	0.38	0.26	0.21	0.3	0.23	1.96	0.39
sweet pancake with marmalade of bitter orange	2.2	-	0.9	-	1.8	-	2.9	-	1.1	-	3	-
sweet pancake with stewed fruits	2.1	-	0.1	-	0.1	-	0.2	-	0.3	-	0.5	-
sweet pancake with sugar	3.37	0.38	0.19	0.09	0.11	0.06	0.1	0.05	0.13	0.06	2.04	0.77
sauterne wines	4	0.43	0.04	0.04	2.61	0.37	0.33	0.23	0.01	0.01	0.01	0.01
syrup with water	3.81	0.59	0.1	0.07	0.79	0.24	0.89	0.47	0.01	0.01	0.36	0.15
taboulé	1.32	0.12	2.79	0.21	1.64	0.22	0.92	0.12	1.18	0.08	1.91	0.17
tapenade	0.8	0.25	4.23	0.79	1.3	1	1.5	0.15	1.03	0.37	3.23	0.55
tarama	1.85	0.15	2	0.4	0	0	0.2	0.2	0.8	0.3	3.75	0.05
Tartare cheese	0.2	0.13	2.56	0.16	0.96	0.18	0.14	0.09	0.24	0.07	3.78	0.38
tartiflette 	0.71	0.24	4.11	0.34	0.61	0.34	0.13	0.08	1.51	0.35	4.36	0.37
flavoured tea with sugar	3.63	0.32	0.07	0.07	0.66	0.31	1.18	0.19	0	0	0.13	0.1
flavoured tea without sugar	0.21	0.07	0.06	0.03	1.3	0.24	2.35	0.37	0.58	0.22	0.18	0.08
tea	0.13	0.07	0.08	0.03	0.96	0.26	2.9	0.36	0.08	0.04	0.07	0.03
tea with sugar 	2.66	0.36	0.01	0.01	0.01	0.01	1.2	0.18	0.01	0.01	0.07	0.06
tiramisu	3.47	0.51	0.17	0.06	1.01	0.37	1.21	0.23	0.02	0.02	4.8	0.46
toast with butter and jam	3.5	0.4	0.7	0.7	0.75	0.75	0.4	0.4	0.1	0.1	2.85	0.05
toast with butter	0.65	0.25	2.3	0.1	0.5	0.5	0.4	0.4	0.45	0.45	2	0.8
toast with jam	3.4	-	1.8	-	0	-	0	-	0	-	0	-
toast of foie gras	1.23	0.26	3.4	0.51	0.93	0.12	0.3	0.3	1.8	0.1	4.03	0.03
cooked tomato	1.12	0.17	1.98	0.38	1.88	0.28	0.68	0.18	0.32	0.03	0.92	0.21
tomato	1.03	0.23	0.38	0.22	1.94	0.26	0.32	0.13	0.22	0.11	0.28	0.13
tomato soup	0.75	0.17	3.65	0.34	2.57	0.19	0.78	0.2	0.56	0.21	1.99	0.29
tomato with mayonnaise	0.97	0.03	2.83	0.52	2.27	0.17	1.03	0.27	0.83	0.43	2.5	0.35
tomato with salt and olive oil	0.65	0.05	2.65	0.45	1.25	0.45	0	0	0.1	0.1	1.9	1
tomato with salt	1.13	0.24	2.87	0.62	1.87	0.35	0.43	0.27	0.2	0.15	0.27	0.15
tomato with salt, olive oil and mozzarella	1	-	2.4	-	1.4	-	0.4	-	0	-	1.1	-
tomato with vinaigrette and mozzarella	2.15	0.65	3.8	0.2	3.3	0.4	0.75	0.05	0.65	0.25	2.3	0.4
tomato with vinaigrette	1.3	0.16	2.07	0.31	2.48	0.26	0.79	0.14	0.44	0.11	1.93	0.14
tomme de brebis cheese	0.48	0.39	3.46	0.24	0.14	0.14	1.08	0.36	0.74	0.26	3.24	0.56
tomme de vache cheese	0.63	0.16	3.63	0.15	0.53	0.2	1.23	0.3	0.84	0.11	3.29	0.21
toulouse sausage	0.21	0.14	3.8	0.4	1.6	0.11	1.01	0.11	1.97	0.27	3.19	0.3
tripe	1	-	2.4	-	0.3	-	0.2	-	0.6	-	2	-
fried trout 	0.15	0.11	2.73	0.41	1.5	0.25	0.96	0.15	1.23	0.26	1.6	0.33
 canned tuna with vinaigrette	0.38	0.18	2.47	0.33	1.13	0.24	0.71	0.2	0.91	0.12	1.58	0.41
turkey with gravy	0.53	0.19	2.6	0.26	1.42	0.15	0.93	0.18	1.28	0.29	2.72	0.26
roast turkey 	0.94	0.21	3.65	0.22	0.93	0.13	0.33	0.1	1.99	0.24	2.95	0.31
turkey ham	1.3	0.1	3.63	0.5	0.93	0.48	0.63	0.63	1.67	0.18	2.23	0.32
Vache-qui-rit cheese	0.68	0.18	2.89	0.22	0.83	0.26	0.29	0.19	0.64	0.14	3.33	0.08
vacherin cheese with bread	0.45	0.05	3	0.7	0.9	0.1	2.55	0.35	0.95	0.05	4.25	1.05
vanilla custard	3.56	0.35	0.11	0.08	0.36	0.14	0.24	0.1	0.33	0.13	2.11	0.34
vegetable gratin	0.8	0.26	1.77	0.27	0.93	0.38	0.97	0.19	0.13	0.03	1.1	0.06
vol-au-vent	0.25	0.15	2.58	0.17	1.6	0.53	0.78	0.09	1.68	0.28	2.13	0.23
waffle	2.7	-	0.5	-	0.5	-	0.6	-	0.8	-	1.9	-
waffle with Nutella spread	4.2	0.1	0	0	2.3	2.3	0	0	0	0	3.05	1.55
dry walnut	1.07	0.13	0.2	0.09	0.55	0.14	1.6	0.14	0.62	0.3	2.6	0.6
walnut bread	0.8	-	2.4	-	0.8	-	1.8	-	1	-	2.1	-
wheat Ebly	0.91	0.23	2.87	0.34	1.21	0.27	0.53	0.15	0.73	0.27	2.47	0.36
whisky	0.8	0.1	0.05	0.05	0.85	0.25	0.5	0.2	0.65	0.55	0.5	0.4
white bread	0.85	0.14	1.78	0.12	0.35	0.07	0.28	0.06	0.21	0.06	0.26	0.06
white bread with butter and honey	5.55	0.15	2.15	0.05	0.7	0.1	0.6	0	0.9	0	2.4	0.4
white bread with butter	1.44	0.17	2.18	0.31	1.02	0.12	0.64	0.18	0.6	0.17	2.68	0.79
white bread with jam	3.53	0.39	0.8	0.42	1.43	0.17	0.48	0.2	0.15	0.15	1.48	0.27
white bread with Nutella spread	4.78	0.57	0.5	0.41	0	0	0	0	0	0	4.68	0.33
white chocolate	5.37	0.32	0.03	0.03	0.47	0.37	0.37	0.37	0.13	0.13	5.83	0.03
white rice	1.3	0.22	0.22	0.11	0.2	0.13	0.28	0.16	0.18	0.09	1.08	0.59
white rice with curry sauce	0.8	0.36	2.66	0.43	0.38	0.16	0.44	0.19	1.2	0.34	1.74	0.59
white rice with salt and fat	0.54	0.11	3	0.15	0.34	0.09	0.22	0.08	0.64	0.12	2.23	0.18
white rice with salt	0.58	0.1	1.92	0.17	0.48	0.14	0.46	0.12	0.72	0.14	0.86	0.11
white rice with tomato sauce	0.89	0.22	1.94	0.27	0.89	0.22	0.36	0.12	0.66	0.14	1.44	0.18
white sandwich bread	1.3	-	1.7	-	0.5	-	0.3	-	0.3	-	0.3	-
white sandwich bread with Nutella spread	5.7	-	0.3	-	1.7	-	0.9	-	0	-	4	-
white sandwich bread with dairy fat	1.8	-	0	-	0	-	0	-	0	-	2.8	-
white sandwich bread with jam and dairy fat	4.2	0.5	0.85	0.85	1.1	0.5	0	0	0	0	4.05	2.35
white sandwich bread with jam	2.15	0.35	0.75	0.25	1.2	0.2	0.55	0.25	0.05	0.05	0.5	0.2
white sausage	1.27	0.28	3.1	0.26	0.47	0.03	0.6	0.23	0.57	0.3	3.07	0.86
grilled whiting 	0.5	0.22	2.74	0.4	2	0.59	0.78	0.22	1.98	0.32	1.88	0.41
steamed whiting 	0	0	2.45	0.25	1.6	0.1	0.75	0.05	1.8	0.1	1.6	0.4
whiting with sauce	0.05	0.05	2.2	0.1	0.8	0.3	0.6	0.2	1.25	0.45	1.65	0.45
wholegrain bread	0.94	0.12	2	0.14	0.56	0.1	0.63	0.2	0.51	0.14	0.71	0.15
wholegrain bread with butter	0.7	0.42	2.6	0.26	0.23	0.23	0.18	0.18	0.28	0.28	4.4	0.9
wholegrain bread with jam	4	-	1.7	-	1.9	-	1.1	-	0.4	-	2.3	-
whole wheat bread	0.68	0.37	1.78	0.24	0.4	0.08	0.3	0.23	0.1	0.08	0.36	0.14
whole wheat bread with butter	0.8	0.2	2.1	0.1	0.5	0	0.4	0	0.75	0.15	1.1	0
whole wheat bread with jam	4.4	-	0.1	-	0.8	-	1.6	-	0.1	-	0.2	-
whole wheat sandwich bread with Nutella spread	5.6	-	1.1	-	1.1	-	1.1	-	0	-	5.9	-
red wine 	0.65	0.11	0.05	0.01	2.7	0.33	0.91	0.13	0.11	0.03	0.2	0.04
rosé wine	1.64	0.26	0.03	0.01	2.35	0.23	0.57	0.14	0.12	0.04	0.06	0.02
white wine	1.11	0.11	0.09	0.03	2.55	0.22	0.83	0.1	0.21	0.04	0.14	0.04
flavoured yogurt	3.44	0.13	0.08	0.02	1.87	0.12	0.27	0.06	0.17	0.05	1.95	0.1
flavoured light yogurt with fruit	2.91	0.19	0.15	0.04	1.76	0.15	0.59	0.11	0.22	0.09	1.8	0.18
flavoured light yogurt with sugar	2.22	0.07	0.1	0.03	1.88	0.35	0.15	0.05	0.08	0.02	2.22	0.3
plain yogurt with jam	3.3	0.15	0.05	0.02	2.47	0.13	0.27	0.07	0.17	0.04	1.95	0.12
plain yogurt	0	0	0.03	0.03	4.13	0.15	0.46	0.17	0.21	0.09	1.37	0.24
flavoured light yogurt drink	3.82	0.31	0.03	0.02	1.65	0.32	0.5	0.3	0.03	0.02	1.98	0.29
zander	0	-	2.5	-	0.5	-	0.1	-	0.9	-	1.8	-
zucchini	0.98	0.21	2.7	0.18	0.98	0.18	0.91	0.13	0.96	0.19	1.39	0.21